Força X [N]	Força Y [N]	Força Z [N]	Torque X [N.m]	Torque Y [N.m]	Torque Z [N.m]
-1.8988998020397	8.16327753552604	3.10950842110613	-8.07697586658701E-02	-3.26764090106961E-02	-5.02384553359943E-03
-1.99794795132535	-7.36077598648187	11.4614848676159	-6.26871848654218E-02	-1.58671167978808E-02	-1.51755960740052E-02
-5.35436321171933	78.1158617535049	-3.89255651802474	-6.69471511295312E-02	-9.28043109278764E-03	-1.47735287642649E-02
-2.38631573020417	-21.4878353931764	13.3466072250994	-2.35019850122863E-02	-4.24271997890635E-04	-0.016757489361352
-1.31627286170375	147.878463497259	0.105113563515574	3.80216920713513E-03	1.64633091736324E-02	-4.44722997846574E-03
0.513924919610042	-43.0445282216935	1.51850842137129	-1.69194539256928E-02	1.27371121862763E-03	7.27916764787893E-03
0.47364627281726	157.886227813449	6.53133894445243E-02	-1.32376649817003E-03	-3.5126032918153E-03	-2.8938426679212E-03
-0.29080909093971	-42.7633488966166	1.11037285277482	1.33722757715041E-02	3.16746551946484E-03	4.1110382061098E-03
-7.34559350024154E-02	160.9456277101	-0.735372556528262	-5.81733124399561E-03	-3.44990151050621E-03	4.54519575709124E-04
-0.158122489200278	-47.6539307334374	1.18651615830904	6.40311267555419E-03	4.80619830032096E-03	1.77520091235226E-03
0.15884494215853	161.562592225997	-0.349567421709923	1.41622120896964E-05	3.64586352028767E-04	-2.03708502542776E-04
-0.309277393369449	-45.307889941956	-1.51513665495616	-1.54487472238579E-02	2.35095409380298E-03	5.85640151071288E-03
0.199352318939667	159.76220959085	1.58097507900112	1.45579134325601E-02	-6.05037478648161E-03	-1.74913022514835E-03
4.83933431239126E-02	-43.4019864773885	-1.23604748260498	-0.016065672537845	4.36863628448978E-03	-2.77857910417361E-03
3.64759794421517E-02	156.848062643413	-0.527947563837056	2.6753043291082E-03	-1.17636673738576E-03	4.12369969972918E-03
4.88437657935056E-02	-42.4266570602332	1.12264301744811	1.16327456632984E-02	-4.86118724955041E-04	-2.32327971181452E-04
0.259192067296899	159.738546851216	-1.04344035199408	-7.34560396986923E-03	3.70136801206788E-04	-4.75533976928732E-03
-0.271872283599673	-45.7492682017324	1.53588658133829	1.24550773163431E-02	3.05914735923418E-03	5.85159312592701E-03
9.61299990339872E-02	162.015220164668	4.52683860138609E-02	2.18622364729623E-03	6.71329434602776E-04	-3.2268489362809E-03
0.198823027331265	-47.2668944229857	-0.823459669644914	-9.80527461664393E-03	-1.02348856112376E-03	-4.66122664537845E-03
-5.88119119403343E-02	160.69866182175	-3.01339698525934E-03	5.35131771492801E-03	2.1193407688929E-03	8.48795627513743E-03
0.122508722866554	-42.7787493209446	-0.540188956440654	-1.25444437932166E-02	-4.57252174235992E-04	1.81208375368441E-03
-3.25772016879385E-02	156.739479031808	-0.51127224499581	1.63195325585037E-03	-1.99794473987676E-03	-1.60039185900137E-03
0.23746698684994	-42.6141758176096	0.501284320190019	1.06612997560342E-02	-1.30039400071703E-03	3.93228802385371E-03
0.181907624457055	160.194315614579	-0.101404791832486	-0.013257186469661	2.93679452771282E-03	-4.46499801607987E-03
-0.358566178581351	-46.408565031549	1.43532862511829	1.81198734366597E-02	2.89846066706936E-03	2.70442815823752E-03
0.211976826534378	161.882658552677	-0.891996690983864	-7.24587133247834E-03	-5.79251730233291E-03	2.20992199405004E-03
-5.51808962845323E-02	-47.4716603622497	-0.220729556084684	-6.02926466610585E-03	3.85062742426273E-03	2.29858367676712E-03
9.94795264590731E-02	161.728335329802	0.867275493345516	7.28449244331421E-03	-1.67385486725194E-03	-8.21412881047753E-04
0.166158309851237	-43.8540806025455	-1.47475842674734	-1.75760656633835E-02	1.87177454309194E-03	-4.08654617584129E-05
-9.86187874866136E-02	157.466443312359	-0.194766093468504	4.42149798450183E-03	-2.53823906526351E-03	5.97184965886727E-04
3.07599189506459E-03	-42.8214017436679	0.777977802242844	1.91853669871695E-03	-1.78772822697523E-04	2.74068773229011E-03
1.24872650916913E-02	158.020349682742	-1.0938444737345	-8.33109541670293E-03	-5.45835934660876E-04	-5.64083961863967E-03
0.065636908111236	-43.775642891124	2.35034550277189	2.05271742517324E-02	4.00976321021565E-03	6.20117130502843E-03
-3.35426409282174E-02	161.620781471835	4.51869482071879E-03	-6.43439005862587E-03	-4.30312846598066E-03	-5.20132818547201E-04
-4.91266143458194E-02	-48.3696337531052	0.426516877458235	7.4114439740432E-03	-7.69773553101691E-05	4.31997646299718E-03
0.212406908754815	161.81759491718	-1.17433938806177	-3.50861101390023E-03	8.3391548325118E-04	-3.07829706750371E-03
-5.87253474550567E-02	-42.6933746968201	-0.926206687150025	-1.57810845381555E-02	3.54113186651692E-03	1.23603279756211E-04
0.102597315192853	156.90857755961	0.152971318113543	2.55148081229395E-03	-3.85200879001513E-03	1.58900128669419E-03
0.287385041431461	-42.8941166873839	0.138928628577448	-2.83452928378208E-03	1.90696003846511E-04	1.55815515382891E-03
-0.129322328828256	157.402611018623	-0.361656549114208	-3.39467786498867E-03	4.11694029509149E-04	-2.19638826423508E-03
-6.10118288006176E-02	-43.5377730170625	1.28314727586331	1.99090534454577E-02	1.14877517973275E-04	5.12699574804151E-03
8.54254269872265E-02	161.696437891773	-0.385320269940131	5.71368955051303E-05	-1.71778135243035E-03	1.15601723962277E-03
-0.319729539475888	-47.5274661928379	0.479728736073925	1.59565401036181E-03	2.4032692382456E-03	-4.05788068152941E-04
0.306270646311011	162.42559367244	0.401195830926206	3.39157240110872E-03	-7.04179761701261E-03	5.17258972930217E-03
0.233013284187322	-44.0876607665227	-1.91712039855577	-2.43045921307666E-02	5.5552748782348E-03	-2.32924705556853E-03
-0.229968981766092	157.049044872806	0.166795894291639	1.59893611492956E-03	1.41732525177285E-03	1.38830140715925E-03
5.81744577139826E-02	-42.9500026778791	0.53307677567893	5.6294002964776E-04	8.63770409774381E-04	1.6659849024622E-03
-0.14436572073045	157.322266156251	-0.579233599110956	-3.31104091750624E-03	-4.45353155893471E-03	-1.61669704240216E-03
3.58310626109502E-02	-42.8309778449592	1.17891853528035	1.93718491472716E-02	3.6306267802286E-03	3.45303966357932E-03
-4.21721555024153E-02	160.752419360926	-0.809096311640584	-8.66496706864655E-03	-4.90094245483718E-03	-2.06704833352658E-03
-0.224884018258755	-47.2186893479381	1.40547399754553	1.25717801502428E-02	2.04274778893014E-03	2.41806973625966E-03
0.223199492034242	161.413993358541	-0.798894796768883	-7.63329304441958E-04	-1.69873448952054E-03	2.24182706855952E-03
4.96977347982792E-02	-45.7387686506877	-1.40305297248252	-1.04776543047181E-02	2.4515824107201E-04	-4.97400688249254E-03
-1.06009214270407E-02	160.748456610681	0.824746293324401	1.53820634020945E-02	-8.43552203332436E-04	6.71202855047503E-03
0.148900157955195	-43.1568519718215	-0.686916974258205	-0.011971160899625	2.04710527861176E-03	-2.51480983723435E-03
0.15229647700047	156.499084449287	-8.96670575296815E-02	1.43772266912474E-03	4.42478904299999E-03	4.90917756695384E-05
-0.376846763426882	-42.4350941580084	0.836505526539445	1.46903689348928E-02	-1.53277219115798E-03	2.49977920023214E-03
0.238004492046835	160.606712756028	-0.831344361648882	-1.10303238889353E-02	-3.53747832344882E-03	-1.31676876811695E-03
4.27283992795286E-02	-46.672548703688	1.67981083320404	7.34126126770686E-03	-2.9914273043972E-04	2.36604723507581E-03
0.159383683526265	161.962065317857	0.187576854896341	4.28408479625319E-03	-3.09999241368888E-04	-1.45337356232589E-03
-0.243293050923005	-44.3438959321089	-1.8055662799727	-2.82357056151452E-02	2.84474397322421E-03	4.16081712550782E-03
0.103203009666796	157.742513555952	1.01625387065835	6.48151493409928E-03	1.40224274146562E-03	-2.53108305510488E-03
-6.79251327621149E-02	-42.3696991927376	-0.691883501778767	-1.09842123723682E-02	2.27555916738169E-05	3.31079410122511E-03
-4.93772792569891E-02	156.298973474172	-0.294638671696057	2.16501148730796E-05	-2.09580076397164E-03	1.02711344978029E-04
0.129154643026477	-42.4925224185364	1.11583264356983	8.56991735549159E-03	-1.12327509949139E-03	2.26774550780268E-03
0.139324052205159	160.692477029245	-0.664041074020599	-2.03264499602576E-03	5.64553269521198E-03	-2.44143032327397E-03
-0.237783457368903	-47.5475387085314	1.72920890634742	9.91645783436585E-03	-1.44825060579853E-03	1.70079801253262E-03
0.252554630766884	162.370049563668	-1.13984702872973	-2.46934296223893E-03	6.86649266623304E-04	3.64907343509293E-03
-0.435628112719141	-46.7125035712276	-0.237446325766956	-3.16728666173294E-03	2.51484009583962E-03	-4.67192781428434E-03
0.262976858086415	160.955392427159	0.353162203078964	7.15575702724072E-03	-2.81325936111595E-03	2.34409706376738E-03
-7.25411839866927E-02	-42.9630924952847	-0.881890294179534	-1.38211304119456E-02	6.80623837943665E-03	1.03924866608111E-03
0.302052865812516	156.771738228737	-0.357026757706219	-2.25437059719347E-03	-3.69032513686374E-03	-1.07718775638521E-03
-0.273125655348862	-42.7677254954991	0.694881182800306	6.21767721869381E-03	2.86876769989659E-03	3.22285766860929E-03
0.322922292151179	157.610941372191	-0.787583812792759	-4.54455460964684E-03	-1.31929725666426E-03	-2.27376888725155E-03
-0.401345671049258	-43.4747866351278	1.09911442223161	1.47309125996099E-02	3.75038509760485E-03	6.13485787906958E-03
0.190216715550526	161.920918310007	0.673222356746087	1.49858604289745E-03	-6.95775327755294E-03	-1.53059618973425E-03
-7.67012567191172E-02	-48.6110521127482	-0.255452583923336	1.21473715125265E-03	4.3677756409682E-03	4.87077997959809E-03
0.2432371655519	161.992601368976	-0.260302463574352	-1.47896760404123E-03	-3.52950288558417E-03	-2.14489918222818E-03
-0.203559775122382	-42.7097523464304	-1.06650963265415	-1.19931734759222E-02	4.11520995943409E-03	1.63565614607828E-03
0.105953569291745	157.049229188144	-7.28025914370442E-02	1.35758919647452E-03	-4.79245490010532E-04	-7.29613360762291E-04
5.16640460076389E-02	-43.0073920051035	-0.198499116714015	-1.26940480022631E-03	3.24157098903636E-05	3.36846021185908E-03
-5.24056500859834E-02	156.948552606186	-0.396665687981402	-1.20212999712993E-03	-1.44833217073077E-04	-1.02364994560003E-03
1.53240655880373E-02	-43.223972985492	1.50372378486427	2.34290970028496E-02	2.36070438697991E-03	4.52993800662382E-03
8.50404379081467E-02	161.674331557189	-0.234586777365224	-4.32045784662825E-03	-5.03312997724007E-03	-2.24911815193899E-03
-0.170804147759187	-47.5070098452814	0.032036094684425	-2.87514441695162E-03	2.62345555254093E-03	3.50905425995199E-03
0.223430473792724	161.475324355062	-9.50544345843031E-02	4.07219216671191E-03	-2.47159956161123E-04	9.89729845301438E-04
-0.452126895210827	-43.0016621915937	-0.913870196129219	-1.68315046861652E-02	4.54822277542351E-04	-1.58440707265932E-03
0.291684012748237	156.800367712313	0.351341003862593	3.00698665803301E-03	-1.00488392091673E-03	7.07087595599392E-04
5.26362625000642E-02	-42.6351815292955	-7.71020235114475E-02	-2.27170019960064E-03	7.18705430145241E-04	2.74519757980061E-03
0.320207013040015	157.74549820856	-0.648237828864848	-6.04657049075936E-03	-1.39118037334726E-03	-8.1546384693578E-03
-0.45123258602342	-43.199133517659	1.5527729828779	2.25932059530831E-02	2.7502708634245E-03	8.96998299107792E-03
0.138618620720327	160.760989018871	-0.559279602628266	-9.67529059228445E-03	-6.37138317516829E-03	-1.55954453931971E-03
-0.251997445945831	-47.6395879190771	1.12842967074472	0.012600770620294	4.20431164943995E-03	2.57765797844816E-03
0.348842100952504	161.916272739716	-0.803799490540393	-4.5865315824208E-03	-2.72881675801489E-03	2.58146724040303E-03
-0.172428653837739	-44.0068067768044	-0.975558891741868	-0.016329249578402	9.05460676621369E-04	-1.96383072299745E-03
-2.43618449536039E-02	158.573563569282	1.1721400335441	1.55408078583842E-02	-2.63079387543862E-03	5.21617723073746E-03
0.229190906390715	-43.0947631313885	-0.983130353988517	-1.29778391703722E-02	5.07716427057306E-03	-2.9393045458293E-03
-0.108003868208576	156.940097086344	-0.171906379486503	-4.54060602511302E-03	-3.50341470227128E-04	4.78850441001778E-04
5.91313628897754E-02	-43.4979572292517	1.38390318259638	1.87579690648811E-02	1.39635053253788E-04	9.02837290806355E-04
5.33116112521944E-02	161.431900144878	-1.05931935908141	-8.58191008858962E-03	1.6820797539793E-03	-1.92717567076512E-03
-0.212018268911186	-46.4837262731059	0.749291952979433	7.66938761738723E-03	-3.94206390130198E-03	5.46574829509272E-03
0.139950850043143	161.331989062506	0.239918203789068	-1.05149286821248E-04	1.5637612059501E-03	-3.65477869566747E-03
-1.22320891246641E-02	-46.669850553538	-0.370319400259456	-1.89800166580548E-03	-2.61374988701287E-04	4.52200173370093E-03
1.79661983344244E-02	160.417334772839	-0.347323193718427	-8.11250191468676E-04	3.09188803021975E-03	-9.2402847715652E-04
-1.69017976555301E-02	-42.3466659651027	-3.77537986028197E-02	-7.83616586292101E-03	4.20174629216869E-03	2.1871164107255E-03
0.212021621649596	156.931387053858	-0.85917668237037	6.29509616060512E-04	-2.52114803998929E-03	-3.72203164096656E-03
-0.267567303043918	-42.7861125179004	0.549902837203825	7.43064745353508E-03	1.46310277214154E-03	4.75631640886638E-03
0.107072421687235	160.141360334915	-0.534381288623295	-1.07993075962653E-02	-1.04143316796145E-03	-3.10578580347895E-03
-8.07213464904136E-02	-46.8757555358595	1.92883114687275	1.61164463837052E-02	1.72542618819538E-03	2.8351654876601E-03
0.287946401555027	161.801716563417	-0.644168071887478	-5.04958528839239E-03	-3.6440413603183E-03	4.91206106234924E-04
-0.260406535334808	-46.3496564223825	-0.449450572036464	-3.82091554501871E-03	3.6974796229602E-03	-1.26731836303493E-03
0.271721455808386	160.654907429959	0.171188723899115	8.61647235105496E-03	-1.57918094740361E-03	4.57512591614342E-03
-6.65840367734923E-02	-42.8776908110148	-0.750061082438712	-1.33970975018184E-02	2.31005802167485E-03	1.24303422402951E-03
-0.03492388539878	156.46833728635	-0.210648239848557	2.26103584273278E-04	-3.74287122665868E-03	1.69743215541936E-03
-8.74709845557639E-02	-42.7329934224973	1.11972746128383	7.58581251734551E-03	7.4434953039121E-04	2.61717476115644E-04
0.322773139625752	160.121694154556	-1.12000140405336	-6.23736750103975E-03	1.64539903738277E-03	-2.45589125099922E-03
-0.219498713464769	-45.9107459882342	1.3340803607193	8.05298176852485E-03	1.21747216120585E-03	3.2655612810179E-03
0.354671383068889	162.605330481671	0.265726883185826	-1.97410962784482E-03	-4.41767198439209E-04	6.71220554543836E-04
-0.321710631526857	-48.1159773399172	-2.63094533401627E-02	1.15127789392209E-03	6.00866745934583E-05	4.4043506801783E-03
0.284661266960919	160.948349195224	-0.615599664194662	-4.38003026805386E-03	3.76180771794837E-04	-3.53778080744338E-03
-0.22209799413312	-42.8028136564866	-1.0206137351232	-1.32349792208786E-02	1.01236964269035E-03	-3.87444588732942E-04
5.65404923240768E-02	157.45799148872	1.49156179586148E-03	-3.26512788425243E-04	-1.58594815257177E-03	-1.20906922592697E-04
-5.80438478153727E-02	-43.3520934097292	0.460129270996047	1.34948879601686E-03	-2.27157530523365E-04	4.7178884109896E-03
0.189102956619736	158.015370997107	-0.557706355208466	-4.17487373818999E-03	3.66067073429569E-03	-7.46750042060835E-03
-0.22057092712776	-44.6711535379812	1.46764783735419	2.39378151846212E-02	-1.39238584561343E-03	7.56346951829668E-03
0.24202367845984	162.199592628187	-0.930423836790739	-5.06945778566616E-03	-4.12827013680624E-04	2.65707505581077E-03
-0.224017404596211	-47.3326464619038	0.187406089840924	1.68971838658724E-03	5.16853685179969E-03	1.75228524454469E-03
8.91380569744956E-02	161.439607916164	-2.55848945989501E-02	1.88452921543059E-03	-4.85242538814876E-03	-1.50998724412576E-03
-6.30110336115986E-02	-43.0683160808282	-1.40535927805759	-1.70073613312687E-02	2.89667833878276E-03	7.71211860536095E-04
3.38893444352946E-02	156.726580556219	0.264674999327354	3.38935591018248E-03	-2.64285942532431E-03	1.90168247943904E-03
2.97857233473331E-03	-42.838615545196	0.640136471791537	6.87451169754471E-04	7.39724366542466E-04	1.65523069475412E-03
0.183367316054549	157.880771555276	-1.01760512849563	-3.16180153846221E-03	1.11836410556905E-03	-3.85233517161468E-03
-0.219475804027214	-43.1784446909673	1.21189875604985	1.91291511045226E-02	3.30883190317883E-03	5.12510610463622E-03
0.276576406486282	161.622479579631	6.75811451130092E-02	-3.5518099973811E-03	5.44394114445242E-04	-7.15308980459191E-05
-0.338865512582094	-48.297094894326	0.329357944120809	-7.9318750284705E-04	-3.04466728728596E-03	1.88466803358633E-03
0.3144997560977	161.530680945438	-0.232186548250433	4.5860969293817E-03	8.66209294951702E-04	1.79151583950859E-03
-0.232783665066101	-43.5705224881893	-0.540521086825454	-1.04365694383436E-02	3.37832307519158E-03	1.89128078900799E-03
0.268324350463391	158.290261551994	-0.219087747639912	2.17304856308136E-03	-4.69654453647298E-03	-2.48968739376102E-03
2.20886513456781E-02	-42.967466876929	-0.36653806965705	-1.02768486704044E-02	5.81412974610433E-03	2.30508197898836E-03
0.176153965466618	156.940560489558	-0.514310624370719	-4.1657271977725E-03	-5.45192578695578E-03	-4.74117696169738E-03
-0.296660373640915	-43.6725884743004	2.47789400222326	2.50722895796651E-02	2.2459523751705E-03	4.97040850303147E-03
0.133707297839004	161.664724802105	-1.00313383956642	-9.20230456620069E-03	-1.3991537791851E-03	4.2571580735991E-03
-0.28081756260004	-46.8996879948418	0.681089846154216	6.70682538413523E-03	-3.12689753327994E-03	4.85598525586155E-04
0.253560435742891	162.068992264832	-8.80428471090194E-02	-3.23691478967502E-03	1.38663578509606E-03	3.6471489384356E-04
-0.290558324231886	-46.4063244237296	-0.692897360113385	-1.52999409900318E-02	5.76636111022981E-04	-7.36575112508736E-03
0.325715054952675	159.735888556503	-7.16591223534486E-02	8.90777832938673E-03	2.16368542287565E-03	7.08182593361884E-03
-4.13868027241111E-03	-42.7039818314941	-0.453982936492376	-7.25988906430747E-03	7.71004084404966E-04	1.02925639333744E-03
-9.02946858162335E-02	156.501196588469	-0.307760927772339	-4.41337367627328E-03	-4.61355217873249E-03	6.74677509744098E-04
0.313992282008529	-42.0694169450883	0.82613784356215	1.39895619224963E-02	4.27562790262062E-03	1.67717753332175E-03
0.10245825303427	159.99634309852	-0.610513318368069	-8.50015840114211E-03	-1.63698337769548E-03	-1.39408232750431E-03
-0.328339395813699	-46.9721269987152	1.3763028925326	1.26026306754312E-02	1.48561097165045E-03	2.85362302583383E-03
0.237779712543537	161.69385591052	-0.692224466589485	-1.7728504737224E-03	-3.87549805463479E-03	1.66290180981195E-03
-0.245339429006637	-44.8856786625779	-1.06944980579452	-1.33553784400572E-02	1.72892662383697E-04	-3.04191496754446E-03
0.161645425097967	159.366920317645	0.805653329233641	6.20672437681408E-03	5.50834852943903E-04	8.21114929677559E-03
8.02302150694861E-03	-42.9099277597087	-0.531021433390702	-1.18513118740316E-02	4.01266042512642E-03	-3.63921168714559E-03
3.46373586422012E-02	156.55869500651	-0.487394543458608	4.08049234830055E-05	-4.40026369905801E-03	2.80638031247721E-03
-0.163347195009846	-42.5678129043628	1.22678775296001	1.16293129646183E-02	1.74937588292615E-03	-5.81863876744081E-04
0.405419501448305	159.872755153485	-1.53051263866557	-6.87756051696138E-03	3.23389722815121E-03	-7.14385063938306E-04
-0.266037493320289	-45.8714620436521	1.90895990721905	1.28695233090157E-02	2.17300762368614E-03	3.08794464352766E-03
9.08808866789352E-02	162.040348206877	-0.143286466246638	-3.62129232799122E-03	-1.64113975261321E-03	-6.29465529718656E-04
-0.122440672509898	-46.5781679598381	-1.06360594766399	-1.30769120099113E-02	-1.80401843112605E-03	-1.62315261154158E-03
8.34647995739403E-03	159.998144488571	0.15383712533457	7.41096444055353E-03	-8.24995865655591E-04	3.41592684689738E-03
-2.17154760348027E-02	-42.5534200274333	-0.876575974500974	-1.43012740244799E-02	3.08591942662252E-03	-1.73345818675878E-04
0.164278748718487	156.951105831689	0.338575221635746	7.12492383873548E-03	-2.15808453050665E-03	6.29519400852921E-04
-2.35266779632429E-02	-42.8987048219061	7.96803266709151E-02	2.26413377664617E-04	1.05615050015168E-03	2.56722243297343E-03
0.174064972712728	158.035991947964	-0.784755685554965	-5.69512808718357E-03	-6.7423426808863E-05	-6.79255049144809E-03
-0.121834113858939	-43.9439383143467	1.9021765795613	1.96025731443211E-02	5.06547219346436E-03	6.15068919632987E-03
0.145237615461148	161.300973901819	-1.07294814138759	-3.39652652923306E-03	-9.76392097366337E-04	1.85862401410743E-03
2.58795849184592E-02	-47.1319197209389	0.429005857988589	-6.08837490640996E-04	3.08467003177144E-04	2.43488080502414E-03
2.38092370359716E-02	161.415257920683	0.191541538393938	1.17518257606998E-03	1.18010477198026E-03	-2.52693898160579E-03
0.100926944087717	-43.2367518992172	-1.49984987828113	-1.56298848140154E-02	8.65900584209052E-04	1.46700220315975E-03
-7.35328812748256E-02	156.953227450977	0.181539242961266	1.49341750977958E-03	-1.28101216196585E-03	3.17539937824826E-04
1.61960112642256E-02	-42.8727219940536	0.342651336316934	1.56000011914938E-03	1.09799450615134E-04	3.27196030352321E-03
0.156006628182228	157.787367627669	-0.873245941435216	-2.93447215475838E-03	1.0753091199671E-03	-6.10078681677682E-03
-0.178831593866148	-43.5095103828452	1.35462284992043	1.96141516160237E-02	3.76494773524629E-03	8.44670040661371E-03
8.38106347185876E-02	161.459326490201	0.72905450384366	3.40400394470618E-03	-5.48979887174624E-03	-4.07787767643853E-03
-9.40148729431511E-02	-48.0714643047938	-3.58924172469254E-02	4.52841668525625E-04	1.87101729114343E-03	4.84626104716276E-03
0.201853639860512	162.023916269687	-0.49265458632706	-6.01032688158686E-03	-3.68696637010336E-03	-7.40490807610104E-04
-0.114433990285434	-43.2144541454216	-1.43230120488601	-1.70465320203092E-02	2.5074967013228E-03	2.08894456538026E-03
6.68316012180046E-03	157.291941354975	0.301329491881775	3.02305477300662E-03	1.52579729911663E-03	-1.49502131158659E-03
9.55148300381586E-02	-42.7691251213321	0.103433688975281	-1.2859150586748E-03	2.36025432880387E-03	1.9359117150678E-03
0.28656040386896	157.597283525495	-1.02948205319561	-8.26905540967077E-03	-4.86990952212968E-04	-6.5556572814366E-03
-0.261395452046247	-43.7830804588557	2.35407532115625	2.61170108469519E-02	6.4961001115154E-03	1.05274882205147E-02
-0.036803818484012	161.194302088984	-1.25049887347743	-7.9442867891421E-03	-5.20092024579093E-03	-1.79747209520076E-03
-0.252357646873629	-47.2633890797718	0.486514799966287	4.76669015796553E-03	-2.5843664123503E-03	1.35464021647022E-03
0.16020981626139	162.134326260514	0.654373378982127	2.27484113730211E-03	-3.87609938605914E-03	2.76608778219646E-03
-0.193788679467379	-45.5596945633056	-1.6505181777455	-1.39834872639703E-02	4.74870181897334E-03	-1.05960483465623E-02
0.403344573685342	159.397149761699	0.519748863033121	3.52748582779934E-03	7.62306194284385E-04	9.95585579359981E-03
-4.30115234579195E-02	-42.7423031987975	-0.363453167686229	-4.91172388089646E-03	6.6416229366973E-04	9.89535728943851E-04
9.61285061145206E-02	156.968960729039	-0.362598336116216	-3.94114647887864E-03	-2.2905434234004E-03	3.39531193374548E-05
-0.217328017716183	-42.8475619642256	0.935941963246139	1.31828081825033E-02	1.54338667407902E-03	3.60792754037424E-03
0.226562591402153	160.493863408702	-0.446572569457236	-5.16332646667665E-03	-2.88665871981499E-03	8.48194365421065E-04
-0.112101147080189	-47.1430105347152	1.24296767061648	6.0882133154273E-03	2.85404514272547E-03	2.28752069339861E-03
7.35009346670024E-02	161.641212804516	-0.896822446747012	-3.02365500159872E-03	1.17340984739694E-03	-3.00796249276726E-03
-0.115910195710524	-45.7104167965165	-0.798932404936497	-5.26060924016727E-03	-5.31141726941801E-03	-6.53611682924249E-04
-3.06858280751622E-02	159.936700303775	0.337289080190025	8.51289992241099E-03	3.39389488639467E-03	3.09691554121101E-03
-0.182849849183206	-42.997505809187	-0.662150481545463	-6.88832381738384E-03	3.14030063950126E-03	-1.12336944590918E-03
0.209917692411977	157.056576923964	-0.390629254537323	-5.60109038357883E-03	-4.31837087309371E-03	1.33667196743269E-04
-9.57789316547906E-02	-42.733107432115	1.05232677576757	1.46614319791569E-02	0.003417478969706	4.25386699961607E-03
0.429670237170775	159.83789942356	-0.733788269239036	-7.03867302549831E-03	1.20185973097459E-03	-4.52421996537725E-03
-0.436116490824088	-45.8542825024411	1.05176927468763	1.37840322434258E-02	-2.78034676543851E-03	4.38148102660601E-03
0.380972522181013	161.863191379392	0.28040675419543	1.17537756024578E-03	3.05377403379262E-03	3.19612911444893E-04
-0.233530813785919	-47.366853997853	-0.776669411551472	-9.37239242872179E-03	3.86066626037826E-03	-7.03793023482394E-04
-0.105401754932032	160.839972558431	-0.192111300714158	1.14614238814162E-02	2.03181389815304E-03	4.19044815242169E-03
-2.94770321033722E-02	-42.3634564239648	-1.12068387980237	-1.66791319509169E-02	-1.92707989818188E-03	2.8244161685043E-03
0.13911663746648	156.868364657042	-0.206215919285724	1.32236371825472E-03	1.31880215159003E-03	-1.96030196849455E-03
9.92408685327418E-02	-43.3535059339878	0.927157137681979	5.92322886197624E-03	-2.22736103300483E-03	5.72828094984258E-03
-0.138783403013552	160.469641513958	-0.26017841561918	-1.11947126755147E-02	7.06856864005165E-04	-5.48412398218101E-03
-0.628346296464859	-46.2969630542758	1.81607584706145	1.89123198207787E-02	4.33368242284443E-03	-1.83579932125152E-03
1.31554803723122	162.457547205784	-4.47052000507974	1.48448715349399E-02	1.21541458959811E-02	6.50187243540336E-03
3.36790335880543	-49.9096375663692	-5.73221383569451	4.50705318150475E-02	5.41914705156743E-03	2.54404992830094E-02
7.88874778482186	137.481285250127	-0.813835214263353	0.02878857905727	-8.67012301203918E-03	2.42540499821024E-02
9.95473207077606	-36.7227205760351	-11.0063744181776	-3.40786055967024E-03	-1.71072373336276E-02	6.84720329319605E-02
12.7957056798726	53.673662850555	9.79874651071045	9.81729016102645E-03	-0.022456956928	3.99515866038996E-02
2.83865575134719	-12.2528819721997	-5.60565799348642	-5.97232836380542E-03	-5.95239200503483E-03	1.76702363605753E-02
2.11746768060951	3.51086861720243	5.1462235046545	1.10432888126867E-02	-8.36873957288886E-03	7.03802388623012E-03
