Força X [N]	Força Y [N]	Força Z [N]	Torque X [N.m]	Torque Y [N.m]	Torque Z [N.m]
-1.94647984352567	-4.29635691920416	-13.1440059275415	0.130578459583481	-5.37918117560874E-02	-6.34621915673094E-03
-2.06839150869371	-22.9252254685261	-4.42032270680531	0.37073818509454	-3.88590500855726E-02	-1.48517635969017E-02
-5.68417143635193	-8.18116355955564	-19.089733970965	0.187959537223761	-7.12335036336387E-02	-1.65241433864898E-02
-2.81523013169285	-96.1139817813277	0.173762416422013	1.18359992095779	-3.25045808911286E-02	-2.01308652353142E-02
-1.2157723399638	15.1964005669283	-3.61639207034514	-0.131560249457596	-7.26414284603183E-04	-3.45276480431404E-03
0.510946492883647	-148.337490686556	1.09989893911388	1.6280219530308	8.52726949049859E-03	4.1488512592961E-03
0.475079572380004	24.1515728367199	0.879003344919585	-0.267038871827815	6.54530013846799E-03	1.49797173679457E-03
-0.376679958001717	-146.693433842883	3.26860961636653E-02	1.62603108780198	-4.42555256933194E-03	2.04746110911532E-03
0.141472125911116	28.678581180712	7.65529703366402E-02	-0.325089098999472	-6.20703154695645E-03	1.03708564814275E-03
-0.187996287918023	-151.268053528979	0.658457415647181	1.66463148923979	3.94774226512822E-03	-2.88637464491788E-03
8.11329787575587E-02	28.2659458064156	0.196456683341494	-0.306985534933655	-1.01401782747371E-03	1.08586223521542E-03
-0.476791015465663	-151.0242029459	-1.01889520014546	1.65491475506262	-6.06887848146873E-03	1.48071003976648E-03
0.314364720280294	28.3857530660571	0.5751721657749	-0.300723145853031	6.33843189668967E-03	-5.82500733594667E-04
0.111012547183447	-147.098106716014	-1.13822861816558	1.60032701543571	3.05300713856591E-03	-2.91702761302939E-04
-0.142033162917576	23.8330912483662	0.495498009392534	-0.258606293311781	-3.2664141448483E-03	3.40360116488994E-04
7.39407925442005E-02	-147.085616958512	0.872373285328928	1.63170387262844	1.22393760660224E-03	2.69301259314587E-03
-1.00128886203584E-02	27.2889381723347	-0.775971313712294	-0.315363966782043	3.5430713193513E-04	1.02573808832273E-03
-0.226638678372899	-150.453648285511	1.5532205133431	1.67532174108711	2.18559567544854E-03	-1.33239790402079E-03
0.195173359623271	29.2634568453423	0.222540926046122	-0.322315472079366	6.35054043973002E-04	-1.35161807866247E-03
-0.344237895589139	-151.551824686724	-0.895568414728492	1.6610568492834	-3.95316634423457E-03	9.78785526705014E-05
4.14401994749829E-02	28.2585869575827	0.292203599049618	-0.30953170101771	-3.10746816321822E-03	3.37459882187166E-05
0.146654258075564	-146.761512059669	-0.7781451976446	1.59844436837669	1.0243875764009E-03	5.42275571499674E-04
-6.21576059784291E-02	23.4520148516838	-0.121196440834762	-0.256915973815608	-2.56299209857934E-03	1.46368037109259E-04
-3.66559769542817E-02	-146.579948911901	0.364777503014647	1.62166962515997	5.53911202971755E-04	2.24179389021392E-03
-0.223155903713287	26.4394130937428	-0.723044222530307	-0.302770109802567	-2.23368251189413E-03	-2.85095182253916E-03
8.73919162302148E-02	-150.187920312	1.98549655074656	1.67418740223952	4.57182131086318E-03	1.3395535192775E-04
4.77166658081334E-02	29.0294076386349	-0.412960923546768	-0.32892839753013	-7.71371258114006E-03	1.03780109075901E-03
8.22179653320389E-02	-151.120408103759	-0.768082164750097	1.65959363890584	8.3165026190981E-04	7.23289686036901E-04
-0.195933090580247	28.2186679517979	0.637718335358289	-0.30615203397102	2.57667269916967E-04	-1.38884408417723E-04
0.112830792843351	-146.840955645472	-1.01497137768751	1.60165294611143	-1.86339049473769E-03	1.24796979753605E-03
-0.163524256827012	23.545195188099	5.77134729270238E-02	-0.262254400266942	2.46325192744581E-03	-2.8093351827735E-03
-0.12269380151546	-146.925431058304	0.101291689802903	1.62232991673731	-5.16946249778676E-03	3.59999247870709E-03
2.66846431878936E-02	24.105632764579	-0.532977924593435	-0.267384026751171	1.97002542658097E-03	-2.10129999667899E-03
-0.123420748443523	-146.916426276626	1.10584052084785	1.63728931118017	-2.8338044967292E-03	2.32166309876425E-03
0.117150218656942	29.0682434817909	0.446304109260349	-0.324834297775177	3.28027862539576E-04	5.88167345978124E-04
-0.21427855175793	-152.62664343749	-0.127188569409257	1.68284197672405	-2.38758172235852E-03	-8.71007915114554E-04
4.42314088989166E-02	29.2856343001408	-0.510718386661295	-0.326894395823415	1.51795836782689E-03	4.39016842711966E-04
0.250425907943073	-147.458444238233	-0.775828779536181	1.60709168176082	2.59125254750672E-03	5.0846734316485E-04
-0.145377777722642	24.6747113718444	0.781131328063198	-0.271931040199432	-4.99509854337047E-03	-4.65742963617313E-04
-5.84871380808194E-02	-147.218556757556	-0.634769384108847	1.61483382416885	3.65421866486494E-03	2.70450974829608E-03
-1.51261914112619E-02	24.1303231399489	0.213511565709247	-0.260592276071378	5.8570532458799E-03	1.52801558596392E-03
2.75495357698067E-02	-147.87470219202	0.512937033598412	1.63902944580446	-6.34789038057598E-03	6.38219243031493E-04
-1.47294488157133E-02	29.1778261493486	0.516517569058199	-0.321527963743123	-5.04836494811461E-03	-4.09240682290684E-04
-0.257217398257646	-151.388115634654	1.14441296798292E-02	1.66882138394443	4.51116260715617E-03	1.13531640456704E-04
0.093630764430082	28.6281795682574	-3.23424003701314E-03	-0.314173734527362	-3.78622481405096E-03	1.51215277331852E-03
0.023933166080247	-148.17170426719	-1.19252280886356	1.60718010401615	5.89521710979303E-04	-6.41902825910322E-03
-3.21159580667301E-02	24.8095817394334	0.526557529000037	-0.269334962479894	-1.89109009935265E-03	4.68235048188525E-03
1.76020851534661E-02	-147.175274772317	-0.471684556537005	1.62081930029181	2.66779533874168E-03	1.99966279954873E-03
-0.139490665365795	24.0968298908486	0.121399180800556	-0.267644775599874	-5.61523104873305E-03	1.10716114213831E-03
-5.70643845628158E-02	-146.52727950772	0.087066757443182	1.62929426478556	2.09120209368133E-03	-2.53173771844036E-03
6.95276786928691E-02	27.1204360675416	0.225577003173049	-0.307539319149754	-5.80583131223368E-04	1.92520224546095E-03
-0.408559450637518	-150.844735545066	1.15925265864658	1.67118098702343	-3.54619018501741E-03	-5.73745107054137E-04
0.269132973707705	28.7604671630047	-0.816944797568677	-0.314576875264096	5.11974507001173E-03	1.30960732843443E-03
-0.203115245016025	-150.038570252423	-0.670627629536569	1.64692667370148	-1.65713169911402E-03	8.16911217347334E-04
0.100932110393833	27.2919710376632	0.724934706778328	-0.29613487403532	-2.45996229447629E-03	-1.84906059933104E-03
0.205161013781984	-146.669739649429	-0.798136623834201	1.60159930492927	6.37268381585288E-05	1.57582478966963E-03
-9.89537888513502E-02	23.2736098789903	-0.174810997133643	-0.253806656785274	1.34300997068682E-03	-4.00274714152434E-04
-0.124238138166101	-146.819236802533	1.11687746923313	1.63011109901084	-3.67259714644708E-03	1.1436604681126E-03
0.11172520179796	28.7712583315828	-0.366779927911545	-0.331340222291136	-1.09525403151087E-03	-3.19347059400288E-04
-0.317283286529036	-151.242122292352	0.8002813059026	1.67249639365577	3.41988281533019E-03	-1.00891117984416E-03
0.123107551565673	28.7085353912394	0.296883146172452	-0.317549451405802	-2.51135646237761E-03	1.89536494621953E-03
0.156220407420966	-151.516411175921	-0.606329079810649	1.66253444590869	2.5942330883093E-03	6.30495282943678E-04
-6.07742493274598E-02	27.9446517801682	-3.82829514793733E-02	-0.30474181995886	-7.46908949528518E-03	-4.05975130234156E-04
-5.48882075512237E-02	-146.828409841672	-1.14411444132736	1.60716737415366	6.07382355790146E-03	8.6706075092439E-04
-3.44132302311671E-02	24.0244485866169	0.507697152867132	-0.261732636035441	-2.48032894589367E-03	-2.01777452570891E-03
9.35762613030541E-02	-146.798088868007	-5.53016891168249E-02	1.61938602080596	2.90457929697705E-04	2.54822535364925E-03
-0.141432553385622	27.7970568252967	0.552904394048865	-0.314828817132764	-2.7479031248764E-03	-1.40959494346117E-03
-0.235015179590537	-150.951587620748	1.12109029154594	1.67073289974544	-6.26860570894652E-03	5.72011043207601E-04
0.226071739074845	28.3774611983431	-0.476294472011529	-0.318401995916603	1.4433881926168E-03	2.75035258683701E-03
-0.270734597117621	-150.961237146086	-0.983490076028562	1.65937391229504	3.94548832164868E-03	-2.14165551093164E-03
-3.57072573129188E-02	28.1883604953378	0.913724242721799	-0.305971101472173	-1.20447970886287E-02	-4.02124099683996E-04
0.235669215262905	-146.974810621793	-0.78476027308417	1.59972291762968	7.97271702599774E-03	1.18000073318598E-03
-0.220453889451164	24.1262290327852	-0.144533974547409	-0.262395840354866	-4.90102121162045E-04	4.50716067202914E-04
-2.15095231916264E-02	-147.506367494471	0.421611752134225	1.62909555832456	2.38529777599347E-03	3.13386521091133E-03
-0.186077212116493	24.3448426481723	-0.676384113677247	-0.272065356484289	-4.40183134133704E-03	-4.48042952191838E-03
-5.53689471255844E-02	-146.892016530714	1.17266008600771	1.63758249126053	1.17187410584667E-03	3.54326326005395E-03
8.15478515114205E-02	28.6795630956589	0.564855661592584	-0.318690941853808	-3.60789931895375E-04	-1.38456823102595E-03
-0.230842644312068	-152.498794406346	-0.181682632017898	1.68035329704765	-5.77476536707833E-03	-3.77834482587668E-04
5.54396750643861E-02	29.1714338952922	-0.681947491491539	-0.322791606724288	1.45340626589199E-03	2.70125595029057E-03
0.372335820670726	-146.888647034552	-0.744620337067417	1.60343397930499	4.79295252794162E-03	-1.05785293787629E-03
-0.230363938765029	24.0123450490139	0.418477899746826	-0.260507888829504	4.44101838641439E-03	1.76222334286256E-03
5.21276204399953E-02	-146.885433411825	-0.617666359882491	1.61002485758201	-5.2032688209395E-03	2.92956958089892E-04
-6.31435896837444E-03	23.9906978437051	0.509035060826888	-0.267535703886361	6.74336750025773E-04	5.57489945956144E-04
-7.87444954122469E-02	-147.349999905463	0.538809734631619	1.64322175231897	7.16134801885418E-04	-5.67416378427709E-04
5.66065412962355E-02	28.720547834025	0.369250159852024	-0.32034275180014	1.13701948615626E-03	3.50000958633978E-06
-0.375095872304627	-151.402393239972	-0.463338420499399	1.66579025207106	-4.75704569477602E-03	1.70499745615883E-03
0.199792405441965	28.4417567301345	6.50233956940662E-02	-0.309396311859118	3.58972674722974E-03	-1.03546783009608E-03
-0.102027735061962	-148.027700582144	-0.747511878410941	1.611902960835	-3.73172006534016E-03	6.13814119284005E-03
9.26558166935484E-02	24.7818834649417	0.41208515788829	-0.273304967281165	5.04017657840847E-04	-4.86397754014962E-03
9.59548679521733E-02	-147.284636420562	0.406326685207428	1.62304509816215	-1.15089050285929E-03	1.84116489903033E-03
-0.140169069857945	24.6576114468158	-0.281046551504833	-0.271397788351623	-7.77886455099122E-04	-1.52177993846181E-03
6.77872780318839E-02	-147.362803195084	0.898898658169044	1.63765607339694	1.82838360757049E-04	3.43859234628733E-03
9.04824448797522E-02	28.6208689673887	-0.419257611472704	-0.320540344147229	-7.157649411545E-04	-8.77886370522991E-04
-0.293220681756822	-151.618408054572	1.13450152616428	1.67809408443689	-4.67543863709004E-04	9.7440068459453E-04
0.269904699128198	28.5282683100864	-0.787011242165221	-0.319882290831297	3.24791943034709E-03	2.03367894910176E-03
0.029911119898986	-150.406889151959	-0.746190956871534	1.64769268373889	-3.58992212322419E-03	-2.6865151706584E-03
-0.220875524956234	27.9674959312605	0.503988223911514	-0.299070176654732	-1.22783962761552E-04	2.02421685192168E-04
7.02378465355054E-02	-147.119810096485	-0.641288800860614	1.61238532139084	-2.02551826295579E-03	1.04248635256567E-03
7.12962000436814E-03	23.7044100284268	-0.113214192949835	-0.265639960487728	3.02625268613736E-03	-9.24054739078053E-04
-4.49798511445752E-02	-147.358771861771	1.29574624947541	1.64452239373955	3.06183619032284E-03	3.70714448549118E-03
6.75890109251393E-02	28.7790184008316	-0.412968320693589	-0.331977643575332	-3.15493440852915E-03	-1.12511738480728E-03
-0.365217257720275	-151.419554834422	0.919201409844764	1.67841419054687	-4.91820398941176E-03	-0.001296981587492
0.229474315078826	29.7194421165104	0.712260636017438	-0.325283967948841	2.05828307687934E-03	2.87133347311373E-04
-0.160120816879243	-152.301173770964	-1.71382544785668	1.66420963310904	1.10508381391169E-03	-3.31075338742463E-04
1.63874021284356E-02	28.4209289486217	0.812056592330013	-0.306763324488129	-2.50324370966045E-03	1.65794816394215E-03
0.167942431421057	-146.753761784692	-0.90741174438705	1.60651138247618	4.42633197141756E-04	-3.46071954415318E-04
-0.111776236491908	23.5780227211317	0.176840654703948	-0.260973660113811	-1.82575669853403E-03	-3.33189519524374E-04
9.05636503443302E-02	-146.989034074398	0.563406646628416	1.62861193911538	3.31074901073315E-03	1.32627730916126E-03
-0.235043209746076	28.4341852770184	-0.753599215877934	-0.321073082337299	-4.44690987276214E-03	1.11247431522237E-03
-0.142908287336487	-151.575136911113	1.41321432309134	1.68211826859165	4.94549406666508E-03	-1.72924065536981E-03
1.01514775968835E-02	28.9372190176249	4.45641537134905E-02	-0.320234623507038	3.76244721615134E-04	2.60087120053384E-03
-0.169520457077005	-150.968249067875	-1.11696323696683	1.65021195440463	-8.25192989648194E-03	-3.97484157349947E-03
0.112051327257171	28.3671643434263	1.54774167906965	-0.297794698999572	-4.37476259731633E-03	2.60564216913522E-03
4.62952981703984E-02	-146.889201968102	-2.24587517035418	1.59358604666195	8.70763211324983E-03	2.77016882233658E-04
-0.162963720846624	23.3337920474021	0.720486336454268	-0.256873176731826	-4.03641462686899E-03	1.63688525023199E-03
0.202270064871613	-147.405668875869	0.61198370123397	1.63230760973774	2.54866730333233E-04	-4.11000308289822E-04
-0.197285578219674	28.3386989512571	-0.860828089342057	-0.318796680887891	1.57527791482645E-03	-1.52047607714373E-03
-5.30809388676093E-02	-150.8177893139	1.77124498153008	1.66997973580084	-3.56039307351039E-04	3.28044807957631E-03
5.01198758631753E-02	28.9870444256393	-0.428714746885865	-0.325930544191214	-2.27945572343583E-03	-2.72228008572867E-03
-0.317868216042976	-151.469253346558	-0.322119233619531	1.66459270367402	-1.98621037494914E-03	5.01716909666431E-04
6.26895061004729E-02	28.0142012068817	-0.531281728094561	-0.302793575190095	5.28142224463066E-03	9.70958962967961E-06
1.66513875866631E-02	-146.627070913014	-0.899420330528248	1.59631435231967	-9.04985465433019E-04	-5.56484257309564E-04
-7.36343097367123E-02	23.7182360778578	0.474051018778584	-0.2651191432212	-6.42293653299971E-03	1.23334595909878E-03
0.175937469463058	-146.88729791625	-0.560033298041141	1.61880743463215	5.67175434591065E-03	-2.35165439480754E-04
-0.396826586341155	24.6881028533589	0.163147536889294	-0.275928199646167	-4.11932240129797E-03	-3.06798946973686E-03
0.25988795255364	-148.451114079088	1.50340847414542	1.66058261315958	1.52003737506845E-03	3.39973988321585E-03
0.07037023948124	29.1090510356607	-0.329484720010395	-0.323811120449797	1.75176847106688E-03	1.46176695701744E-03
-0.307966595286155	-151.178500836703	-0.159011255564813	1.66204670322761	-7.28624002774378E-03	-2.69174536239938E-03
8.17945601675684E-02	28.3741275231297	0.290396901403703	-0.311573191641989	7.22047231573485E-03	2.86877096179184E-03
0.402473158589564	-148.274577429248	-1.16391156190366	1.61823313107081	8.09721141385263E-03	6.44144397377326E-03
-0.405792523982391	25.1948166889501	0.40579616880072	-0.277478638923289	-5.88992771999441E-03	-0.006740873641693
0.140637665290859	-146.582159383434	-0.221376450908797	1.61679609809878	1.9381305119952E-03	2.99335251261796E-03
-2.28161634881696E-02	23.6025302434057	0.337478512206803	-0.260625942462754	-4.75275782359009E-03	-2.71246745595051E-03
0.016875373318815	-146.869436197464	-0.202860809040492	1.62859885715036	5.82713356100644E-03	5.08393437197314E-04
1.78049888665287E-02	28.8779759574972	0.374004462200792	-0.319710994595535	-1.24425722088619E-03	1.79745378563855E-03
-0.317051913457144	-152.028034201194	0.60619487231092	1.67171456897779	-6.10490419735484E-03	-1.54019546856968E-03
0.232133799651703	28.5878008018003	-0.111046170123709	-0.31119090477531	4.01829857236916E-03	1.9883571552065E-03
-0.130951605141435	-147.462038679748	-1.23635215963071	1.60514403580908	2.3163685513734E-03	2.78564983395804E-03
-0.205083851543404	24.8921992046145	1.37048106210227	-0.26749495311326	-3.37352268217908E-03	-3.55358394760014E-03
0.377973416526795	-147.325164602706	-1.06114456174028	1.60959712980084	5.83477527072145E-03	1.19258749959193E-03
-0.211578224560583	24.1130708263035	0.504721442942037	-0.262669245693418	-8.27938372195354E-03	-4.50788297068082E-04
-6.42397663569188E-02	-147.137219849095	0.310540135569526	1.63871526121402	2.71334555154141E-03	-1.89995559883344E-05
-0.119398092477266	28.2816875731368	-0.160924011892813	-0.322929574270965	-1.02930480750314E-03	-6.58999151899451E-04
3.52108443710151E-03	-150.984452931845	0.495309013865199	1.66695453154918	-1.39290549988686E-03	2.47246625455055E-03
7.71980556303321E-02	28.7821214626487	-6.52133001496651E-03	-0.31380671531614	4.1089627773981E-03	-6.5616816207921E-04
-0.11061906573042	-151.446023892058	-1.08534645696022	1.66159145921909	-8.35687794980714E-03	-4.84513171122296E-03
4.74324756515711E-02	28.1751486525256	0.426360512245147	-0.304873474143543	6.40267901947763E-03	5.77798642350107E-03
1.80564491922682E-03	-147.004866960546	-0.488637638840288	1.60621945764393	-2.30092210751135E-03	8.89822788549735E-04
-0.195789820755359	23.9490260166226	0.129644758208998	-0.261704170104734	-4.06706522163033E-03	1.26683083203334E-03
-8.45802131750568E-02	-146.807518608378	0.250801929071429	1.62698909202711	4.94284353437882E-03	8.89516657045187E-04
0.313708015904317	28.6381295133958	0.588889262012757	-0.323588943573245	-3.19383364639236E-03	-5.37563251569294E-04
-0.301098167509797	-152.054725886782	0.10274227884757	1.67617067227497	-1.50350511179416E-03	-4.22832257199104E-03
0.247113360028296	28.7933590618961	-0.396621958484926	-0.3185396708032	4.88932164556501E-03	2.79819755790553E-03
-0.415173439904205	-151.062651285169	-0.481362429072853	1.65796414506249	-4.35363232672815E-03	8.90484389077691E-04
-1.05398635885936E-02	28.4214459601902	0.808829360199966	-0.304063612648963	-2.42662417964138E-03	1.91792240863056E-03
0.237599829600278	-147.017234633675	-1.35690727452044	1.60289104751703	7.14738876976868E-03	-3.57282018216625E-03
-0.226591418312267	23.6690414897975	0.217119461973926	-0.256320638572382	-1.06932842636825E-03	2.07148807937804E-03
2.28669959488665E-02	-147.077059346827	0.78906935025645	1.6313738579452	-5.60394460844121E-04	9.7826359759278E-04
-6.69588736001011E-02	27.9564596522754	-7.40940882733377E-02	-0.318887080038817	-3.14254272691361E-03	2.93393849322472E-03
-0.131964639618407	-150.632152447758	0.472461465168911	1.66697604508288	-3.2233867061815E-04	-4.88630496608814E-03
0.24221764017571	28.8791741724008	0.15205031410996	-0.32314891330216	3.73253656086915E-03	2.42686368079571E-03
-0.255901999238617	-151.993389230618	-0.81285900416376	1.66960161855171	9.10713335359914E-04	3.05535190008105E-03
-2.53344618971035E-02	28.5315562194788	0.664805975215019	-0.308341991684626	-9.16092774693744E-03	-1.98907343053944E-03
0.176656790219304	-146.996807498607	-0.610062752885187	1.61099869938736	7.02020181151729E-03	-7.85026409702745E-04
-0.16857672844713	24.0246755383688	0.337745200881556	-0.266971642562563	-1.65083157516923E-03	-1.53367181314102E-03
0.108780658732672	-146.989949050437	3.01642817191559E-02	1.62594161391908	2.00179790295474E-03	3.92962904485945E-03
-0.196339535559268	24.0664524901887	-0.40588365012584	-0.269986959676856	-6.81675204424467E-03	-1.34886954683679E-03
-7.74260894583378E-03	-147.281053659956	1.6358097856497	1.65075765328294	2.12039967457761E-03	-1.61142502034331E-03
-1.48268537652583E-02	28.5182761279597	0.237213749584349	-0.318062192056365	2.79322410442226E-03	4.69653113124222E-03
0.108918816155552	-151.131623506554	-0.829670138311292	1.65766779156711	-2.35046215627319E-03	-2.6804267065407E-03
-0.224217369359642	28.7391150636273	0.776672714433726	-0.304990886772885	2.50217296638949E-03	-1.09917364578942E-03
0.108017246463747	-147.452969500317	-1.66577693684088	1.59882690069615	1.37839441462417E-03	3.35958408329291E-03
-0.270760392149493	24.4706046803774	0.200899681635959	-0.26916654382682	-2.13518222108751E-03	4.9257333951882E-03
0.127528440246757	-147.4852303142	-0.104947055599713	1.62692481802889	-3.33156203578003E-04	-3.20398545963732E-03
-8.09207822855301E-02	24.6999086709831	-0.323371055214196	-0.275696718188796	1.43073196043883E-03	-2.06324573149615E-03
0.12485903411701	-147.403333759363	1.04380628262112	1.64039090367614	1.07437362721327E-04	-8.46289323009616E-04
4.91276582408748E-02	29.6829717188464	0.195756867956685	-0.325154264080889	1.45718787431574E-04	3.35972901649757E-03
-0.321567721618385	-153.596978173635	0.882103189118086	1.69248782101003	-7.42850911737297E-03	-2.22636036225763E-03
0.142543892723078	29.6240242831633	-1.16678837905618	-0.32593655800558	5.47209732027877E-03	1.45132556397146E-03
-0.129960452731892	-147.656157925841	-0.55900749564326	1.61153330741753	-3.92443875320204E-03	-3.4440711269848E-03
0.10628616202888	25.1106011027856	0.265599763599586	-0.272624740724826	6.86707869717239E-03	9.89983765079653E-04
3.17628681826522E-02	-146.902448935156	-0.596777455535055	1.61309431634418	-2.73350605415221E-03	2.03945086350191E-03
4.87954148724959E-02	23.7917273600669	0.511923836012274	-0.264137645613006	-1.46050043443376E-03	7.40240551939023E-04
-9.98720005370205E-02	-147.482690383517	0.389705363699341	1.63664633066047	3.49622257498399E-03	5.46046666749687E-04
0.206164733632595	28.7773150660662	3.69018801983084E-03	-0.321256778052654	-6.46803389773794E-03	2.27516504122485E-04
-0.43543841401	-151.350939113227	6.23452365282676E-02	1.66849640428788	9.20769285121303E-04	2.62780823070099E-04
8.53640143713416E-02	28.5287535700336	6.47299890924592E-02	-0.312788644526619	5.62696886639589E-03	5.72168253911012E-04
1.99014908206431E-02	-151.329232598212	-1.02794964319494	1.65979163349398	-1.79897961093546E-03	-2.27520987660928E-03
-4.96095649346324E-02	28.3285962696783	0.250282038379376	-0.305603969274445	-2.6006885321673E-03	9.7276303275447E-04
2.63846702212963E-02	-146.903675468027	-8.93411476696693E-03	1.61670321570178	2.61997813353305E-03	1.58893411594072E-03
-0.063791154030785	23.8800983402686	-0.165448709053236	-0.263561285419722	-6.85141214446634E-03	4.16544899130144E-05
-6.40674550031266E-02	-146.493996176637	0.372413390266593	1.62679301932559	8.80022248745387E-03	-3.2165672159367E-04
8.47867502636337E-02	28.7721659651685	0.098195317391431	-0.326203238877324	-3.93066593433355E-03	-3.43734476129935E-03
-0.268314300915937	-152.365399448434	0.637938220444921	1.68144919009777	-1.0682234662561E-03	1.80864598791313E-03
5.66588628507878E-02	28.8658261056422	-0.79367999272481	-0.318465340606191	1.73222630961544E-03	1.44053643115211E-03
-0.177996925096042	-150.549551610155	-0.75750178324025	1.64813262765407	-1.49244024029993E-03	-3.86956934900135E-03
-5.75423104431976E-02	28.0469519758139	0.752051519791716	-0.301199651300891	0.001213311178787	0.004601539309403
0.243419426943564	-147.137920531336	-0.855769341480479	1.60041335742791	-7.16746097637597E-04	1.35927321296837E-04
-0.276470888025441	23.7137510560896	0.190273274555026	-0.260163244946526	-6.47626590803915E-03	-3.128467301842E-04
0.306483492702393	-147.085816652176	2.73816052153029E-02	1.63453977570021	9.75932687516895E-03	2.15400776848106E-03
-0.129793429568523	27.7262474651379	0.104147453606855	-0.316472370068964	-4.63220544746135E-03	3.69954752809332E-03
-0.294628345547495	-150.674636373137	0.502411605680495	1.6693808988973	-1.5725340065737E-03	-3.52639840141682E-03
5.21178102994198E-03	29.0218399264605	0.590923424031382	-0.319083977819199	-2.93879107940965E-03	1.67353033589594E-03
1.10507618389134E-02	-151.567400109719	-4.46727128833002E-02	1.66604429694736	1.06823258012162E-03	-2.13004793035245E-03
-0.103203678961215	28.385326017533	-0.686380390110436	-0.306590437372542	-2.06142489693133E-03	3.27638396440819E-03
0.149112596176753	-146.983658269698	-0.848859329125329	1.60416762392009	4.22262709460508E-03	-4.78347343217296E-04
-0.122939685652604	23.7040199648932	0.339610935062349	-0.260166783774363	-3.06631435569063E-03	3.04835275119189E-04
0.186868894477562	-146.822495098744	0.19059893007466	1.62740136681987	3.50821823999632E-03	1.01449345302619E-03
-0.298116095279248	27.1791338553375	-0.255792910927214	-0.310926001751817	-6.86247629442199E-03	2.64065804553539E-03
-0.583316693185319	-151.289811165026	2.1060491497112	1.6787439306481	-1.68033271783752E-03	-1.05458545298515E-02
1.34703137441774	30.7111107173287	0.432446526114324	-0.356391363835117	2.51781984442739E-02	8.60985148029693E-03
3.70328687703877	-148.939825981162	-0.124020069189105	1.6149311495285	4.48812429971537E-02	2.70588023022908E-02
8.13454115254698	30.0977986318409	3.27318975829898	-0.374549906181286	8.53572465679893E-02	2.33458638727971E-02
10.6092146540498	-85.4547186572751	-3.84957314305635	0.832745916643901	9.98673383715243E-02	7.23388457965858E-02
13.2731820144698	12.2856158905309	13.6292229906569	-0.181007280617405	0.124402886175602	3.96796365864711E-02
3.04757596598193	-18.1161022603247	-0.698644032825669	0.135390521122887	2.77623286003588E-02	1.88590114610636E-02
1.7513910327715	-0.238342888893323	8.10654361608324	-0.013039843302566	1.12982517997042E-02	6.77134033416173E-03
