Força X [N]	Força Y [N]	Força Z [N]	Torque X [N.m]	Torque Y [N.m]	Torque Z [N.m]
4.7312633368902	-1.62830077740707	-6.85804038110628	-9.00251924917773E-03	-6.19226382042988E-02	-1.19798759902822E-02
7.62926255454466	16.4098784629072	2.65685824305944	-3.94702899315878E-02	-4.71914158047992E-02	-5.25729520721684E-02
5.22085321650031	-32.3308453879045	-13.0228279660076	-2.91545474456829E-02	-0.324866401907121	-0.012645341843238
5.6217133464626	63.1085825423214	5.6149265424015	-6.09670170622832E-02	-0.195293604985165	-0.039993948685233
1.39189167115162	-76.5611180177219	-2.52563095582921	-2.18440782901964E-02	-0.47146908434988	-5.88926686776693E-03
-0.741460836558385	101.729604223216	2.21904682597842	-8.69456334987174E-03	-0.245140451960399	5.65827250411245E-03
0.180036072681002	-90.7678611750095	1.43291955285389	2.37307067353332E-03	-0.467676950891605	-2.04862678609695E-03
-0.353898381730532	104.899120139368	-0.31069722720489	1.35412814583326E-03	-0.239742378752397	5.08107312996249E-04
0.597896444518713	-90.4328534600905	-0.292734526787634	-6.33442334431649E-03	-0.466308267704661	1.02422009393988E-03
-0.457808547531913	99.8015050807181	-1.28349281888983	1.41213080572972E-02	-0.244524191388677	3.8974745001282E-03
0.462070743030891	-85.5835240106885	0.784086582898157	1.57027018182006E-03	-0.468078574957978	-2.16819083678841E-03
-0.535879002815529	100.071187864508	-0.395725220877658	-1.19860972239184E-03	-0.246519606374861	1.83124623960309E-03
0.684841992934523	-86.0072743892807	-0.116294974399062	5.76747353079418E-03	-0.459512639538873	-1.20259152899079E-03
-0.760793628666336	100.301941215451	1.02370421734561	-2.06568473832722E-02	-0.245681191835019	3.57811886094319E-04
0.463655271163497	-90.2039068883236	0.143393992949512	5.49326343491364E-03	-0.469647471787592	2.94636358658732E-03
-0.204293327180368	104.117891886643	-0.29655022441664	1.19795256916539E-03	-0.239809059955853	-6.84172318046333E-04
0.178937459962322	-90.0922479472661	0.550173092033282	-1.51216571512727E-03	-0.465805747753798	2.76054682474371E-03
-0.158657468509894	100.325250187407	-1.89456895700672	0.020069527643251	-0.245903474276945	2.01717436133531E-03
0.146908349091262	-85.5228479225239	0.772012623189875	-1.04096268587765E-03	-0.462996921457762	-2.14380507456284E-03
-0.538067374169723	99.6961981256493	0.102997599553591	-5.07192078406113E-03	-0.245126262050042	5.81876008626647E-05
0.590888926293334	-85.7525215436141	-8.41258974388248E-02	2.00764810102725E-03	-0.467141051605099	-6.04318663498324E-04
-0.407692748293902	99.7028650551489	0.9468980499527	-1.64536254323097E-02	-0.246158167573692	4.51106753668377E-04
0.515405800708085	-90.6292540146125	0.395182814561056	1.82654663540209E-03	-0.464313157573162	-1.04788236126209E-04
-0.614318132363499	105.73793007804	-6.45858500284887E-02	-2.94433508657668E-04	-0.245146065284066	-5.91107920885596E-04
0.505316509705338	-90.5775497889622	-0.301326034927458	2.03610799928896E-03	-0.466629449978949	-2.24025147771081E-03
-0.139321417332649	100.767350591523	-1.3203757980321	1.09029636754806E-02	-0.240566487875719	-3.50623163514565E-03
-0.080258691768438	-87.3992981806465	1.55317252496486	-5.38432147157412E-03	-0.468505013767172	3.15907220691639E-03
-0.354885536849649	100.52006008435	-0.997739368478769	0.012257686891735	-0.243592975155875	2.03281925634169E-03
0.385075267067224	-85.4272694656269	-0.309267002113135	-2.03843440239394E-03	-0.467033732224149	6.26157797623386E-04
-0.35758297555315	99.6207003695511	1.09091342333017	-1.59072068058116E-02	-0.248897318441698	2.09932814095233E-03
0.558049749731549	-89.3520071175491	-0.255982148946877	1.00692426675672E-02	-0.467305538836579	-1.95204554469463E-04
-0.471965926046569	103.480055538018	0.422872166241413	-5.00911887156323E-03	-0.24162972910316	2.58787284185448E-04
0.313149012732488	-90.6990670698075	0.735735862266974	-4.36471661374897E-03	-0.467732546680055	-1.48597472833524E-03
-0.360827500184192	104.822858662243	-1.61310379576099	1.17269944510377E-02	-0.243349229078615	-1.53827079383587E-03
0.378107061022247	-89.6428528103521	0.261247744435429	-8.45019851016701E-03	-0.466078049122117	3.00313188392326E-03
-0.263508230175036	99.7391596262847	-0.642125418632632	7.02366475567395E-03	-0.243301710414534	9.60211618303684E-04
0.333800007427644	-85.4578785120749	0.376192701568163	-9.16682496772134E-05	-0.466233486738361	1.46613276338077E-03
-0.367787795400989	99.6694299441154	0.166386767653722	-6.72311697349774E-03	-0.243105543881545	-9.53642317787023E-04
0.314314166168726	-88.088080353679	-0.249806506933057	9.27907769706751E-03	-0.465474723609297	-7.55379644660258E-05
-0.287556069595956	102.998508347287	0.991072996719604	-1.80297073253097E-02	-0.248724126926953	6.7409325671506E-04
0.369330582519446	-90.4603700111578	0.013267910956744	4.03421849910607E-03	-0.465551832423034	-1.4896323914439E-04
-0.237860724992269	103.650947244583	-0.409831202899268	2.60584592460227E-03	-0.243223873757501	-1.59357943922105E-03
5.59137170717654E-02	-89.6231738129304	0.515463825080266	-1.05941904387724E-02	-0.468268124561123	2.85005204778752E-03
-0.177123359323553	99.9607847560441	-1.43561107801832	1.38561757879416E-02	-0.241771149093276	-5.593767780897E-04
0.332152926302366	-85.3079750688882	0.410770204329158	2.2916853067788E-03	-0.461097072395393	1.01167424178716E-03
-0.261866301507155	99.6605214386366	0.656548224941708	-1.01198704992883E-02	-0.24607179020131	-1.29283877500471E-04
0.734408731174484	-88.7138842462925	-0.685878613856761	1.03119715985477E-02	-0.466710024485719	2.17473684710646E-03
-0.761736899561934	103.402802036198	0.940456494672356	-1.80219678224183E-02	-0.242956094703604	-2.14154625843119E-03
0.314343880139596	-90.7187328166925	0.53382435776521	2.27215887344155E-03	-0.467155175695122	2.62429625310323E-03
-0.353198876776476	104.105999462789	-0.439704582571879	6.41530308464544E-03	-0.244738939778896	-2.19279329027361E-03
0.543913163619266	-89.6107982704947	0.20680938773924	-4.53999128480598E-03	-0.466831252273696	-1.28005088868272E-03
-0.489388936607824	99.7845803342878	-1.62824103768329	1.14615606113377E-02	-0.244036424347783	3.08816310031382E-03
0.322312425105283	-85.3131919136728	0.345865091372669	2.16599064533179E-03	-0.466545923240336	-1.31922137504402E-04
-0.202547403024018	99.5172635082844	-7.20523954868976E-02	-4.93773686224578E-03	-0.244530499859092	5.07033698950737E-04
0.31260284311169	-85.5554347238561	-0.302904130189645	5.3837822559524E-03	-0.465216417773525	-2.17420887771968E-03
-0.521066468948212	100.067674415451	1.21633547672516	-2.36403661424977E-02	-0.25031397292028	2.76763256498155E-03
0.533756867976181	-89.7901654172737	8.80451469677135E-02	4.33085819434596E-03	-0.461381567771612	-2.00944978891641E-03
-0.572058924889279	104.055232498349	-0.229201374080013	4.09194211529181E-04	-0.244670296927118	-1.99615472345564E-03
0.474402449860573	-90.5658238734767	0.723312120527048	-4.44872661340564E-03	-0.464038714445264	-7.9645820611535E-04
-0.505554814695436	101.283828670783	-1.90512068008632	1.87290204221952E-02	-0.245668823206065	3.32014235324957E-03
0.47502224202005	-86.3587666905722	0.698322352220201	-5.42566715579361E-03	-0.46343799496965	9.08675000739592E-04
-0.546023264379436	100.064788494568	-0.202292063449371	-7.92968273994933E-03	-0.250120555963057	6.95262881084707E-04
0.831117506941771	-86.2042779705944	-0.367840230219941	3.34549551174579E-03	-0.460086273577971	-2.31662363816791E-03
-0.700610382798651	100.097850905985	0.73565164909921	-1.76955659393327E-02	-0.245991557012564	1.75100678573483E-03
0.701683761202205	-90.7897636790154	0.910011279436219	6.47969589073243E-04	-0.465334281708879	-5.12998515240304E-04
-0.498394448788174	105.786436045367	5.84857261272069E-02	-9.26264642870418E-04	-0.244634597142669	-7.09233979782117E-05
0.361552363982837	-90.7889019983019	-0.472753929139453	2.16157962557643E-03	-0.465231503803162	1.57278923480081E-06
-0.281249088736366	100.474221613485	-1.63195428192759	1.58103713308737E-02	-0.246259581950234	2.28291894105588E-04
-2.02027869762761E-03	-87.0594202737713	1.17400596965217	-7.66900787263969E-03	-0.464332681586627	2.95098486108665E-03
-0.194794895311249	100.404784424477	-0.422408448294918	8.15302304186567E-03	-0.244086117435266	-1.75296536347048E-03
0.608659329604537	-85.4609256332714	-0.172810870722122	1.27521916386351E-03	-0.464124450852468	-2.5790106172382E-03
-0.584498797553328	100.265076776132	1.2530546350731	-0.019041841096762	-0.247162773715926	3.50680623570582E-03
0.386423051355167	-90.1977788074143	-0.383668047057946	7.35453211114309E-03	-0.466702186078783	6.76582170459464E-04
-0.515432566694103	104.26951207561	0.305718518900673	-5.18407989261752E-03	-0.245595153585012	-4.6671604248014E-04
0.496015803882972	-90.9519770642422	0.703110694935319	-7.03183971023806E-03	-0.465703710042551	-2.27474967807759E-03
-0.258328088011573	104.61917300851	-1.5884378782836	0.01250431494521	-0.238941830610844	-1.07471017878175E-03
0.130515946233924	-89.5212881854199	0.250404030735673	-6.64353511401723E-03	-0.471348232109705	3.08196863143214E-03
-0.116784588701656	99.5733158649822	-0.29830112884953	5.10481106122542E-03	-0.241754973042024	3.2622081583391E-04
0.29049687328202	-85.3013974565114	-2.33051138035861E-02	-1.96142661768408E-03	-0.466672801503757	2.39351300987442E-03
-0.329423660810079	99.692486926622	0.356844060766208	-1.47339263765483E-02	-0.249140975867082	-4.81961702816579E-04
0.301903711090626	-89.9326087372707	0.08435758244443	0.012409396082235	-0.466272319603455	-2.29287608752229E-03
-0.360450490109876	105.145156619863	0.904025015174072	-1.09562707023528E-02	-0.240332976963287	-2.3732525023794E-03
0.322258345869312	-90.4971022523709	-0.634245683293212	4.05397650316813E-04	-0.469071740296782	3.31156296858152E-03
-0.237164615723944	103.318727923099	-0.594605117467377	5.37071590891875E-03	-0.240451400568754	-4.52105546845853E-03
0.139689130741283	-89.5866336892148	0.756562897080697	-7.36180427766353E-03	-0.467270575645147	5.59141241630183E-03
-0.350554624084655	99.7231291225047	-1.56630230493062	9.19727663579591E-03	-0.243771629930772	-9.46613499528973E-04
0.26311292803516	-85.2121739244268	0.684391943465013	-3.61899808341896E-04	-0.466589547351316	4.84349615091498E-04
-0.224752178143612	100.100055559033	0.820073412726794	-1.53645352061002E-02	-0.245135762648528	-1.50449761976816E-03
0.55055029608613	-89.1306240767948	-1.02881665433091	1.06049695890249E-02	-0.466928593965772	-2.09714906674756E-03
-0.582964862958366	102.998782722882	1.05676871038643	-1.06358087214246E-02	-0.24672150156917	4.18419298227849E-03
0.311771127131012	-90.6464269319795	0.781318567164806	-1.10165025449149E-03	-0.464508324314934	2.43753276537043E-03
-5.03175845418433E-02	104.913676399649	-0.913526752011622	7.48564104678731E-03	-0.241499389444498	-3.14483985433088E-03
0.231935374658927	-90.0654254645791	0.141705916982933	-9.50169957259981E-03	-0.471175544040031	1.37557904234914E-03
-0.443360284964136	99.8321482290437	-1.03918089751223	1.30074153497481E-02	-0.239753994065677	1.08297136623115E-03
0.399545614011778	-85.3420997067286	0.525245961125243	4.74867584502366E-03	-0.465824692069722	-7.28175612979181E-04
-0.424292091588581	99.4687213151518	5.79652587925646E-02	-8.60826269196327E-03	-0.246441982884573	1.85912571092563E-03
0.671574282098408	-85.4203198289042	-0.344248586398594	5.18420646837798E-03	-0.464433457453796	-2.32482768108519E-03
-0.601327110081072	100.292651510791	0.956076452557069	-2.48342374930088E-02	-0.245570378330412	2.19290208565647E-03
8.11006933890151E-02	-90.0104204978364	-0.131566955788356	5.75717045760441E-04	-0.468629611100657	-5.36362113692466E-04
-0.196219226770145	103.252314357461	-0.633393755200599	9.16457292119631E-03	-0.241370956614204	-1.40505539745282E-03
0.313654862547613	-89.4376402919955	0.886917091549718	-7.39446039092671E-03	-0.466229641760473	-1.11011028891032E-03
-0.311773729056974	100.098948957546	-1.52048304365247	1.56320883322113E-02	-0.243642811423486	1.29983509137757E-03
0.401467146357273	-85.6718045959067	0.350077130749498	-4.04253940964449E-05	-0.466598581179981	1.08777953711697E-03
-0.569331806620052	100.035213504004	0.26662468624792	-6.45320118086024E-03	-0.245454411584152	2.48081049057093E-03
0.628459841786952	-86.1307330248947	-0.534980008188788	6.05787721293512E-03	-0.463807283248756	-3.9103566362575E-03
-0.571719757148799	100.101510812888	0.605270578503571	-2.08715818980645E-02	-0.246425773489152	1.35433099644163E-03
0.433729943529998	-90.6478406404485	0.737743492707041	9.72555724477206E-04	-0.465396682899124	1.09069777722082E-04
-0.346180743864792	105.287758756686	-0.213944005661236	5.6016326657011E-04	-0.242374152182117	1.46976947478671E-03
0.264661057892734	-90.28519177843	0.112548142692818	3.83486965608619E-04	-0.463795708874404	-3.08995536366812E-04
-0.255711233696796	100.094348838668	-1.69809508828151	0.015450839581513	-0.245977066655567	4.52262979417917E-05
0.302899392932569	-85.9021605169928	1.03158196053878	-3.15801145304229E-03	-0.46663464381739	3.3032747377265E-04
-0.282084655290616	99.7159229886341	-0.181054618088034	2.05445437356888E-03	-0.244206879097453	-1.32525121072374E-03
0.617035862943646	-85.8789828061913	-0.177446660695774	2.42414233386112E-03	-0.467619246232222	-1.58141179332695E-03
-0.67951516738369	100.378330309441	1.3088860440903	-2.13022926677463E-02	-0.24458357613905	3.62255884805344E-03
0.596726152952447	-89.970426110689	-0.360454978534491	1.20010045898159E-02	-0.462851041795592	-2.59008124372025E-03
-0.483058041018489	104.325813882126	0.247465516852397	-6.32112193319355E-03	-0.249298842726553	2.09558364248429E-03
0.333933606848275	-90.6260305403996	0.512730195720438	-3.47945682763789E-03	-0.464789572287478	-2.68216627290011E-03
-0.14071846778592	100.608839333112	-1.70149892032595	2.06392312153438E-02	-0.241893146687294	4.8002052930257E-03
0.329126828552921	-85.9829054977319	0.647207915930069	-5.03764837841533E-04	-0.466343276644216	-3.72147143326809E-04
-0.364397961112315	99.8004899929991	-0.627553892438201	3.0121204020581E-03	-0.246622967570407	9.60520113109644E-05
0.342927417507702	-85.5885974405376	-1.36536397611503E-02	-1.51825953485191E-03	-0.463531669764108	7.99723680937291E-04
-0.39542907716045	99.6913434012798	0.669429421423441	-1.47751251764082E-02	-0.247013087762421	2.64202162914494E-03
0.229279036169145	-89.7058410106005	0.363230783244375	5.82494942866279E-03	-0.465647244611429	-5.04113009935199E-03
-0.26343150669362	104.557868946624	0.126021605601635	4.25871433089889E-04	-0.245148620039008	1.37849386575056E-03
0.427605350988357	-90.0799988817024	-8.43603596295986E-02	-3.14804413582937E-03	-0.467569301240268	4.89010477543705E-04
-0.203623238504759	103.04249183158	-1.50958548672264	6.00108960025019E-03	-0.245057936702807	1.43864715138336E-03
0.109081033212273	-89.8606606955481	1.43463315032467	-9.01588268816285E-03	-0.462495973665729	2.67854521935024E-04
-0.126677753618514	100.36587764648	-1.32649243999091	1.20064007182334E-02	-0.245178121624217	3.85986834509416E-04
0.301943643903221	-85.2662271873002	0.311678858239944	3.10622746858913E-03	-0.462568253967519	1.12924705568472E-03
-0.500165832769401	99.5725674847872	0.695168904650335	-1.21718221510512E-02	-0.247317412953292	-7.58255840613731E-04
0.786362654029948	-88.7345863244217	-1.08574530069813	7.63178306011438E-03	-0.465204728780332	-2.82336824875159E-04
-0.725214537734913	103.060226617829	1.17962596827183	-8.55346527491445E-03	-0.244426699491745	-8.19716157267808E-04
0.430322105405882	-90.8754048780236	0.957807543322329	-5.76310269138812E-03	-0.466626263695187	-2.09278927862466E-03
-1.33006099434684E-02	105.05359708799	-1.15719300987802	8.95941422181895E-03	-0.241179194626913	1.05470538543488E-03
2.18941154896458E-02	-90.1042536838024	0.143415567907994	-8.02001742031858E-03	-0.467203268364471	-9.83176147577509E-06
-0.315885468764987	99.9778965722389	-1.13350404970822	1.45931241770317E-02	-0.244565819174775	3.5689640931009E-03
0.248162823885471	-85.1444006483072	0.385514863625357	-1.76391944936584E-03	-0.4666969767231	1.22635808523929E-03
-0.080536262120219	99.2805283724184	0.208891745513978	-8.02626185317428E-03	-0.242441800530736	-3.07691939208113E-04
0.568232411785216	-88.6053240107215	3.45695752838297E-02	1.16695384260992E-02	-0.467787096986949	1.11514009420114E-03
-0.747760980159382	103.82446234149	1.17921968938981	-1.87384883549365E-02	-0.242538189635394	-2.87257424957066E-03
0.334367365316665	-90.6855349040093	-0.287431856902473	5.79699923044163E-03	-0.465253797551457	3.46729685895984E-03
-0.417326666369873	104.14283359706	-0.727872061462007	1.12917884911957E-03	-0.246692723475841	-1.88600680055756E-03
0.424082559767052	-90.1933770604263	0.989460910813625	-7.35542046642744E-03	-0.465379208185408	-1.94572738178413E-04
-0.254974406717358	100.254267464008	-1.64954113516211	1.38264932161044E-02	-0.245145699048005	9.657526924375E-04
0.393246690801201	-85.7910695322768	0.15088681063861	2.21729121534629E-03	-0.463743116424018	5.56094509654487E-04
-0.52742184308498	100.349187867698	0.624181165749709	-9.53107422190566E-03	-0.2445017309663	3.13160134551882E-03
0.92203547232834	-86.9818657974148	-0.673249506276263	7.57353444468574E-03	-0.464604881590537	-4.00212900373996E-03
-0.828335065234556	100.335950198765	0.476761322130249	-1.35689335615399E-02	-0.24428601334751	-1.15328915596135E-04
0.414565797513922	-90.4146311088822	0.870905467241346	-3.59521980627435E-03	-0.467810059927134	1.36590324275595E-03
-0.204808968785768	104.589657254805	-0.519001117775227	8.59453108504336E-03	-0.242072572321918	-5.0806390042538E-04
0.169928513227802	-89.5109380967406	-3.41014611401068E-02	-1.70699051279982E-03	-0.466272355178993	4.82935155746126E-04
-0.304450193833912	99.9235880392577	-1.11295454130372	1.25541904757097E-02	-0.243629390381935	2.52598476309504E-03
0.109498126053865	-86.1494165785933	0.482613422148235	-3.25407349547121E-03	-0.46619917854744	7.5817305916195E-04
-0.346220512016778	100.136034068895	-0.261717992273132	4.17391216474258E-03	-0.24443118633852	-3.4520948977416E-04
0.636194260366101	-85.9235609629631	-0.323550799112903	3.08250854220353E-03	-0.464041040403418	7.64225859360647E-04
-0.504187929460815	100.333511361495	1.04659967683485	-2.21199265086212E-02	-0.244765119621874	-2.70858011671109E-03
0.233541990643677	-90.153593574379	0.208083761308914	5.33643407555373E-03	-0.466229566936217	3.36147395516794E-03
-0.558791435834897	104.335593395312	0.251286780278386	-3.94730247382701E-03	-0.245942248847688	4.43126881811511E-04
0.633153078550636	-90.7257992127111	0.264330079087515	-3.17377601464157E-03	-0.468283134366119	-3.19924418496313E-03
-0.349124703148175	100.868038601288	-1.75592725506081	0.022620897154789	-0.241055597453312	-6.93779004771721E-04
0.242835233167787	-86.1275100581709	0.600153783577756	-1.68823297638966E-03	-0.465643194623093	3.36491829818513E-03
-0.324204752284721	100.161736546852	-0.164311613609674	-2.21764043137826E-03	-0.244157167131215	1.35756683147149E-03
0.566273830053869	-85.8103430089332	-0.294959680877373	6.58088778442672E-04	-0.466081892313837	-1.69038721810293E-03
-0.600806257851534	99.7643253650841	0.806825040548226	-1.75169655855104E-02	-0.246327396325683	2.46121203268002E-03
0.172992117930699	-89.4263371989185	0.120026269127125	8.21765337150523E-03	-0.467825709303369	-6.49495684574352E-03
-0.142717667254969	104.265059080936	0.43497899016809	-8.91166145510282E-03	-0.243177579851929	3.81362236726774E-03
0.46967889531936	-90.2770869686236	-0.172474208314361	8.9363127513166E-04	-0.465427425511947	2.06889181185861E-03
-0.387501208435949	103.148451544953	-0.854761721540976	4.21000130818607E-03	-0.243470283367851	-1.09000980334967E-03
0.147050478485737	-89.5243301871921	0.793737381674483	-1.09264093964114E-02	-0.46708949972671	1.99886502090888E-03
-0.277111571788884	100.014567262944	-1.1290118463668	7.5525041095125E-03	-0.244306892331649	2.02974880338373E-03
0.359100957489573	-85.2590842024171	0.206905157784898	1.55703867777329E-03	-0.464247629468734	-7.54693986943694E-04
-0.389913615425183	100.125963001743	1.42017022217476	-1.89719926688437E-02	-0.24624119826178	-2.20233580700388E-03
0.504024435017561	-90.0651755854608	-0.721029085712396	1.12020831489185E-02	-0.468350733279323	3.84393020567366E-04
-0.710244782266071	103.885781144174	0.347735272773521	-6.43050642546026E-03	-0.24294125093591	1.68425498379811E-03
0.493040080976216	-90.9771114802324	0.867516090146172	-4.46228021348009E-03	-0.464991631173518	-1.7939695148663E-03
-0.203993967083604	104.696839743262	-1.65042241830496	1.28835408210271E-02	-0.241146564313029	5.19371782059868E-04
9.21987382850278E-02	-89.5731224309462	0.170533628748993	-5.06713372785512E-03	-0.466225894825715	3.3225221294718E-03
-0.302121421229075	99.3376338997535	-0.692417105835039	5.93521316789266E-03	-0.243348559578718	4.02861613054991E-04
0.334556962940837	-84.9553832634209	0.425971377988419	4.44753143453794E-04	-0.466625143370946	-1.67504005632816E-05
-0.334248407081804	99.2944670452492	3.97553522192946E-02	-1.25500058752886E-02	-0.245800921274886	-4.56575122223809E-04
0.685867745706937	-88.8782603849534	-0.205962523111475	8.28092219624132E-03	-0.466513322363862	1.36998636516618E-03
-0.735406449665694	103.919147846773	1.17839813850628	-1.06656985423525E-02	-0.243640925101139	-1.56124526737226E-03
0.308871818954985	-90.4464531157054	-0.108751085658566	4.24543720541189E-04	-0.467848873650782	1.46632835361964E-03
-0.454736779461503	103.544502565988	-0.590016588823449	6.18247200675639E-03	-0.245202453687045	-2.97338895913654E-03
0.327621037580504	-89.776188641191	0.860974495740082	-0.010859390390048	-0.465494367862161	2.80273922170817E-03
-0.339653028606076	99.9065152209118	-1.5770615073907	1.61457250434006E-02	-0.242247676803097	-8.78640054902701E-04
0.352558433536988	-85.0478443150964	8.78123346903344E-02	-6.12628876036471E-04	-0.465309312188591	1.97819864474624E-03
-0.4945661514173	99.637181749564	0.911800365535888	-1.01187295815802E-02	-0.246223615042822	1.20094402093137E-03
0.813122476623196	-85.9341800651491	-0.843303259555359	5.64013136734187E-03	-0.462441165500708	-5.22584212220994E-03
-0.647938246107388	100.113925804214	0.675428702946556	-2.01665498688324E-02	-0.244004137373184	3.09181669564788E-03
0.244693100251843	-90.6533916850939	0.58782601008963	2.71669862087947E-04	-0.467174537811634	1.09474687131603E-03
-0.37128849793985	104.77846747728	-0.396282542132716	7.01946707484937E-03	-0.246252743634792	1.23463664416685E-03
0.337508437438404	-89.6742206523331	8.88539630643484E-02	-3.14739574094449E-03	-0.46456437894911	-8.58059587359979E-04
-0.292411174743089	99.6547812983346	-1.28128243362947	1.25804618303017E-02	-0.24598097670382	-3.594225876108E-04
0.255476826388044	-85.0146859688639	0.102901389642913	1.10546217817182E-03	-0.468128214218573	-6.83365777075776E-04
-0.194418168030691	99.3287194116751	0.359130412550902	-4.93436338801519E-03	-0.241911697296588	6.55243553681328E-04
0.343074737513343	-85.4012235628404	-0.671135971610458	2.12683630282513E-03	-0.462150240758215	4.95608432788806E-04
-0.389539819133167	100.074405614198	1.5069773484213	-2.60105539931634E-02	-0.247374311011833	-2.63456995610405E-03
0.485006655434155	-90.2657162008552	-0.33322444200224	7.17984974778738E-03	-0.469501136910126	2.66061242486158E-03
-0.309795897560952	103.952003659736	-0.225804580928354	4.07381582105567E-03	-0.241291084757482	2.64062668018027E-03
0.390718464276861	-89.9887812379374	0.56524824313834	-4.32109970891118E-03	-0.466011026753852	-1.82981007539302E-03
-0.364145295295996	100.876778953077	-1.71047314576788	1.72215988409208E-02	-0.239989203512568	2.28419841278886E-03
0.35650828382383	-86.3971072849411	0.709740173626349	-1.08800271900046E-03	-0.470284201399676	3.06244109429602E-04
-0.677961604915148	100.082514301931	0.392321813879209	-5.53336040396447E-03	-0.244935895107293	-9.41176848330148E-04
0.646230940865444	-85.6864036754287	-0.494636067975324	1.5239357154761E-03	-0.463248890818004	-3.97680563103426E-04
-0.368065996840458	99.561657515795	0.609232803067621	-1.50480898338656E-02	-0.244216043860322	1.36995337118442E-03
0.339906214014532	-90.7635045685404	0.701297518104279	2.75440652783529E-03	-0.467479451542193	1.85633679816001E-04
-0.347221670952763	105.729175785343	0.120596651375392	4.9784744666562E-04	-0.244354311815121	1.91813070919719E-03
0.540153089498114	-90.5138797825105	1.43495999180094E-02	2.8136779096827E-03	-0.463696829232302	-1.48105084022563E-03
-0.11776568168533	101.329710118795	-1.06201012128446	1.34884058353624E-02	-0.246894969478373	-4.11714933106516E-03
-0.624501721218905	-87.7240659358475	0.153202917157891	-4.60165868372183E-03	-0.468926270662345	4.55884680103672E-03
-3.03530338904363	100.980263082687	-2.49046965229916	-5.84232209012135E-03	-0.234007867223867	2.14927993567267E-02
-1.7124669809854	-76.2960892621419	2.57269169378662	2.42335453580174E-02	-0.406663081658457	3.91581698134057E-03
-4.43448798753093	62.3267239124315	-5.64042074226658	6.04764679101315E-02	-0.145112420084463	4.00602862400697E-02
1.68915153129961	-32.4975811130898	12.8030765509306	0.028129395384756	-0.147252809222483	-1.28075685324518E-02
-1.09806812799554	15.6655797745711	-2.58653106318404	3.84581604019089E-02	-1.98046744075786E-02	0.010484996416185
-0.51060455471804	-1.56359598125773	6.04518618415207	8.9439039560896E-03	-3.45230657920853E-03	1.42920989183021E-04
